1  AMER  0.0 0.0  2   293  200 1900   35.5   50.4  .FALSE. 
2  PUBL  0.0 0.0  10  289  100  300    1.5    5.2  .FALSE.
3  WEST  0.0 0.0  52  321  140  600   27.2   32.6  .TRUE.
4  SHAC  0.0 0.0 100  326   50  650   75.6   30.5  .FALSE.
5  CONG  0.0 0.0 124  331   20  100    3.6    1.1  .FALSE.
6  VINC  0.0 0.0 150  323  150  450    5.0    6.8  .TRUE.
7  TOTT  0.0 0.0 173  318  250 1050   63.2   28.0  .FALSE.
8  MOSC  0.0 0.0 195  320  300 1050   27.4   29.6  .FALSE.
9  HOLM  0.0 0.0 220  320  130  470    6.7   24.7  .FALSE.
10 DIBB  0.0 0.0 261  326  350  500    8.1    8.2  .FALSE.
11 MERT  0.0 0.0 290  315  250  450    7.9   12.0  .FALSE.
12 NINN  0.0 0.0 299  306  150  850    2.2   24.6  .TRUE. 
13 COOK  0.0 0.0 320  302  100  850    4.6   27.6  .FALSE.
14 RENN  0.0 0.0 356  281  180  850    7.0    0.8  .FALSE.
15 MARI  0.0 0.0 384  243  150  350    2.4    0.6  .FALSE.
16 DRYG  0.0 0.0 366  208  100  700    7.6    3.0  .FALSE.
17 NANS  0.0 0.0 364  215   50  200    1.1    0.2  .FALSE.
18 ROSS  0.0 0.0 440  110  200  950   47.7  146.3  .FALSE.
19 WITH  0.0 0.0 528  187  999  999    0.3    1.2  .FALSE.
20 SWIN  0.0 0.0 539  182  999  999    3.8    1.5  .FALSE.
21 SLUZ  0.0 0.0 551  179  200  600   18.2    1.0  .FALSE.
22 NICK  0.0 0.0 559  204  200  400    4.2    4.3  .FALSE.
23 LAND  0.0 0.0 583  212  230  430    3.8   12.2  .FALSE.
24 GETZ  0.0 0.0 654  225  150  750  144.9   53.5  .FALSE.
25 DOTS  0.0 0.0 696  220  250  685   45.2    5.5  .FALSE.
26 CROS  0.0 0.0 706  214  150  650   38.5   11.7  .FALSE.
27 TWAI  0.0 0.0 722  211  150  750   97.5   54.5  .FALSE.
28 PINE  0.0 0.0 747  212  150 1000  101.2   62.3  .FALSE.
29 COSG  0.0 0.0 746  238  150  400    8.5    1.3  .FALSE.
30 ABBO  0.0 0.0 742  251  150  500   51.8    2.4  .FALSE.
31 VENA  0.0 0.0 804  244  300  500   19.4    6.5  .FALSE.
32 FERR  0.0 0.0 815  236  999  999    5.1    6.6  .FALSE.
33 STAN  0.0 0.0 842  243  999  999   28.0    4.6  .FALSE.
34 GEVI  0.0 0.0 867  246  150  500   89.0    5.7  .FALSE.
35 BACH  0.0 0.0 860  259  200  250   10.4    0.8  .FALSE.
36 WILK  0.0 0.0 858  278   70  300   18.4    0.7  .FALSE.
37 WORD  0.0 0.0 880  294  999  999    6.5    7.6  .FALSE.
38 LARB  0.0 0.0 902  330  150  300   12.2    8.9  .FALSE.
39 LARC  0.0 0.0 902  312  999  999   20.7   31.3  .FALSE.
40 LARD  0.0 0.0 904  282  999  999    1.4    6.3  .TRUE.
41 LARE  0.0 0.0 907  242  250  400    1.4    1.5  .FALSE.
42 LARF  0.0 0.0 906  235  100  200    1.2    0.6  .FALSE.
43 LARG  0.0 0.0 904  225  150  200    0.3    0.7  .FALSE.
44 FRIS  0.0 0.0 953  105  300 1700  155.4  232.0  .FALSE.
45 RIIS 0.0 0.0 1062  221  200  750    9.7   40.2  .FALSE.
46 QUAR 0.0 0.0 1107  272  999  999    1.4    0.6  .FALSE.
47 FIMB 0.0 0.0 1143  278  100  600   26.3   30.3  .FALSE.
48 VIGR 0.0 0.0 1182  282  150  500    3.2    2.0  .FALSE.
49 NIVL 0.0 0.0 1193  282  150  450    3.9    1.3  .FALSE.
50 LAZA 0.0 0.0 1231  284  150  700   13.0   20.6  .FALSE.
51 BAUD 0.0 0.0 1263  283  999  999   14.1    6.5  .FALSE.
52 HARA 0.0 0.0 1292  294  150  400    3.7   19.9  .TRUE.
53 RAYN 0.0 0.0 1340  315  100  190    6.7    7.8  .FALSE.
54 EDWA 0.0 0.0 1377  320   70  130   14.2    1.1  .TRUE.
99 TOTA 0.0 0.0 0000  000  000  000 1500.0 1265.0  .FALSE.
EOF
