1 1 26280 19581231
2 26281 52560 19591231
3 52561 78912 19601231
4 78913 105192 19611231
5 105193 131472 19621231
6 131473 157752 19631231
7 157753 184104 19641231
8 184105 210384 19651231
9 210385 236664 19661231
10 236665 262944 19671231
11 262945 289296 19681231
12 289297 315576 19691231
13 315577 341856 19701231
14 341857 368136 19711231
15 368137 394488 19721231
16 394489 420768 19731231
17 420769 447048 19741231
18 447049 473328 19751231
19 473329 499680 19761231
20 499681 525960 19771231
32 550009 552240 19781231
34 565273 578520 19791231
36 591625 604872 19801231
38 617905 631152 19811231
40 644185 657432 19821231
42 670465 683712 19831231
44 696817 710064 19841231
46 723097 736344 19851231
48 749377 762624 19861231
50 775657 788904 19871231
52 802009 815256 19881231
54 828289 841536 19891231
56 854569 867816 19901231
58 880849 894096 19911231
60 907201 920448 19921231
62 933481 946728 19931231
64 959761 973008 19941231
66 986041 999288 19951231
68 1012393 1025640 19961231
70 1038673 1051920 19971231
72 1064953 1078200 19981231
74 1091233 1104480 19991231
76 1117585 1130832 20001231
78 1143865 1157112 20011231
80 1170145 1183392 20021231
82 1196425 1209672 20031231
89 1233793 1236024 20041231
101 1260073 1262304 20051231
113 1286353 1288584 20061231
125 1312633 1314864 20071231
137 1338985 1341216 20081231
149 1365265 1367496 20091231
161 1391545 1393776 20101231
173 1417825 1420056 20111231
185 1444177 1446408 20121231
197 1470457 1472688 20131231
209 1496737 1498968 20141231
221 1523017 1525248 20151231
233 1549369 1551600 20161231
245 1575649 1577880 20171231
257 1601929 1604160 20181231
269 1628209 1630440 20191231
